491
715
778
680
456
401
362
431
960
924
914
979
216
346
525
577
499
803
157
864
341
655
855
997
13
3
157
505
44
934
619
314
179
972
18
369
649
719
396
678
690
559
966
518
798
524
927
783
656
36
948
227
588
733
98
724
599
908
736
53
521
923
592
120
551
701
248
94
396
939
710
431
626
856
890
59
760
263
874
617
476
789
630
792
230
298
697
886
943
381
392
635
193
550
987
901
588
260
143
735
871
802
250
519
331
416
577
553
674
118
953
447
952
370
878
235
724
678
978
446
140
908
972
591
576
75
171
102
240
855
325
570
661
547
331
112
931
827
6
852
86
727
315
286
602
963
63
441
851
511
990
552
832
484
427
205
287
267
493
75
639
50
374
148
893
327
541
765
246
999
33
88
64
721
150
664
834
146
798
725
902
603
371
859
146
769
499
8
976
572
657
101
32
79
977
27
264
848
247
219
950
824
548
169
990
249
154
188
948
87
130
949
943
445
667
278
212
68
443
79
500
639
585
807
845
558
760
165
930
166
815
314
345
946
951
72
102
130
176
771
813
644
89
88
962
501
20
815
218
847
502
72
941
982
344
611
452
80
972
605
427
249
867
373
904
214
577
993
468
694
636
330
841
982
949
917
777
363
436
805
81
691
973
95
219
423
638
162
850
912
730
769
386
163
782
528
993
662
769
647
640
608
761
509
345
309
348
408
159
707
763
464
971
867
302
419
169
474
923
754
197
70
703
976
587
630
232
13
481
944
710
718
18
138
549
177
897
356
246
858
555
400
706
599
198
476
675
955
653
629
106
751
459
400
526
726
441
254
626
991
148
506
795
289
86
549
948
855
185
212
35
318
258
649
891
345
849
643
806
583
118
119
448
930
898
399
806
674
532
692
828
72
86
572
405
938
84
286
781
989
28
293
556
624
821
622
186
375
437
527
558
928
253
262
325
101
682
318
196
213
149
497
496
163
633
661
785
916
325
268
144
301
616
252
421
996
82
756
771
809
659
301
594
112
626
908
283
95
57
205
265
130
386
402
707
472
646
946
480
180
784
452
752
870
809
692
419
744
517
760
561
551
624
279
960
33
821
490
190
807
11
255
888
900
436
902
848
212
883
326
384
193
191
483
557
860
447
451
906
548
538
563
332
80
26
64
550
144
642
831
793
548
303
773
165
830
10
42
495
390
221
139
612
960
897
814
328
930
781
255
159
692
186
366
337
214
786
98
278
661
767
634
519
3
120
645
822
717
51
268
80
96
945
163
72
934
236
773
491
608
412
465
49
453
899
314
330
829
791
777
214
593
569
227
197
771
936
722
859
262
780
270
671
746
478
245
16
577
729
674
64
296
546
607
767
187
566
61
126
992
446
90
139
131
329
287
232
80
896
973
764
826
91
81
799
393
129
55
139
265
486
426
755
225
768
273
197
455
645
690
673
738
854
347
83
94
968
261
248
490
832
133
315
669
830
895
579
231
734
833
279
700
165
271
976
500
615
276
644
400
978
305
944
775
779
65
967
950
389
652
741
898
750
993
383
338
27
804
771
400
419
462
748
731
430
3
945
35
327
898
644
414
15
439
326
813
297
95
883
631
740
256
862
649
715
365
596
848
220
835
116
307
871
382
991
974
517
929
145
934
10
381
748
928
530
123
120
578
950
137
963
864
697
812
182
283
438
482
932
832
451
775
964
779
143
453
842
173
711
295
908
135
485
347
505
321
189
637
471
263
384
566
474
766
891
743
438
963
529
80
384
245
493
228
15
717
957
592
459
498
881
360
352
162
979
735
22
449
437
774
212
95
454
17
469
244
378
437
878
197
983
628
693
945
991
306
583
40
706
237
390
180
830
917
42
40
840
747
316
214
214
735
991
731
291
821
127
313
832
312
842
457
718
77
433
386
361
229
35
422
109
906
607
583
490
509
192
120
281
941
320
587
821
321
113
997
829
357
360
444
392
801
677
577
193
23
159
168
523
680
499
162
18
103
82
480
266
10
418
41
395
863
162
571
909
135
290
168
470
541
679
274
712
649
952
432
8
350
894
698
281
619
448
826
112
399
266
256
230
219
969
98
373
911
497
78
110
830
918
405
591
186
325
944
32
961
380
119
848
432
151
573
143
55
744
542
496
156
697
922
634
912
277
14
208
127
570
501
892
328
727
990
670
451
478
242
878
921
479
54